中国 北京 8 32 1009 951 26
中国 上海 9 29 932 871 32
中国 广州 3 26 1142 1105 11
中国 深圳 2 4 485 473 10
中国 成都 6 56 1557 1479 22
中国 西安 4 47 1254 1177 30
中国 杭州 3 18 821 791 12
中国 武汉 1 8 429 418 3
中国 南京 4 23 724 695 6
中国 青岛 2 7 284 275 2
美国 纽约 12 196 6098 5801 161
美国 洛杉矶 6 167 7883 7616 100
美国 旧金山 3 47 2735 2668 20
美国 芝加哥 5 73 3560 3410 77
美国 休斯顿 4 41 2004 1935 28
美国 迈阿密 2 267 11585 11189 129
美国 达拉斯 3 45 1635 1579 11
美国 波士顿 4 64 3781 3641 76
美国 圣迭戈 1 24 1208 1178 6
美国 亚特兰 2 57 2642 2529 56
英国 伦敦 7 68 2126 2024 34
英国 曼彻斯特 2 18 743 708 17
英国 利物浦 3 16 622 596 10
英国 爱丁堡 1 13 432 413 6
英国 伯明翰 4 22 967 921 24
英国 布里斯托尔 2 10 289 274 5
英国 卡迪夫 1 6 167 155 6
英国 格拉斯哥 3 14 519 495 10
英国 诺丁汉 1 8 302 288 6
英国 纽卡斯尔 2 15 517 485 17
中国 长沙 13 144 1444 7 8
中国 北京 4 32 1009 951 26
中国 上海 5 29 932 871 32
中国 广州 4 26 1142 1105 11
中国 深圳 2 4 485 473 10
中国 成都 6 56 1557 1479 22
中国 西安 4 47 1254 1177 30
中国 杭州 3 18 821 791 12
中国 武汉 1 8 429 418 3
中国 南京 4 23 724 695 6
中国 青岛 2 7 284 275 2
美国 纽约 12 196 6098 5801 161
美国 洛杉矶 6 167 7883 7616 100
美国 旧金山 3 47 2735 2668 20
美国 芝加哥 5 73 3560 3410 77
美国 休斯顿 4 41 2004 1935 28
美国 迈阿密 2 267 11585 11189 129
美国 达拉斯 3 45 1635 1579 11
美国 波士顿 4 64 3781 3641 76
美国 圣迭戈 1 24 1208 1178 6
美国 亚特兰 2 57 2642 2529 56
英国 伦敦 7 68 2126 2024 34
英国 曼彻斯特 2 18 743 708 17
英国 利物浦 3 16 622 596 10
英国 爱丁堡 1 13 432 413 6
英国 伯明翰 4 22 967 921 24
英国 布里斯托尔 2 10 289 274 5
英国 卡迪夫 1 6 167 155 6
英国 格拉斯哥 3 14 519 495 10
英国 诺丁汉 1 8 302 288 6
英国 纽卡斯尔 2 15 517 485 17
中国 长沙 0 0 0 0 0
中国 北京 6 32 1009 951 26
中国 上海 14 29 932 871 32
中国 广州 3 26 1142 1105 11
中国 深圳 2 4 485 473 10
中国 成都 6 56 1557 1479 22
中国 西安 4 47 1254 1177 30
中国 杭州 3 18 821 791 12
中国 武汉 1 8 429 418 3
中国 南京 4 23 724 695 6
中国 青岛 2 7 284 275 2
美国 纽约 12 196 6098 5801 161
美国 洛杉矶 6 167 7883 7616 100
美国 旧金山 3 47 2735 2668 20
美国 芝加哥 5 73 3560 3410 77
美国 休斯顿 4 41 2004 1935 28
美国 迈阿密 2 267 11585 11189 129
美国 达拉斯 3 45 1635 1579 11
美国 波士顿 4 64 3781 3641 76
美国 圣迭戈 1 24 1208 1178 6
美国 亚特兰 2 57 2642 2529 56
英国 伦敦 7 68 2126 2024 34
英国 曼彻斯特 2 18 743 708 17
英国 利物浦 3 16 622 596 10
英国 爱丁堡 1 13 432 413 6
英国 伯明翰 4 22 967 921 24
英国 布里斯托尔 2 10 289 274 5
英国 卡迪夫 1 6 167 155 6
英国 格拉斯哥 3 14 519 495 10
英国 诺丁汉 1 8 302 288 6
英国 纽卡斯尔 2 15 517 485 17
中国 长沙 4 5 67 55 6
中国 北京 9 32 1009 951 26
中国 上海 6 29 932 871 32
中国 广州 3 26 1142 1105 11
中国 深圳 2 4 485 473 10
中国 成都 6 56 1557 1479 22
中国 西安 4 47 1254 1177 30
中国 杭州 3 18 821 791 12
中国 武汉 1 8 429 418 3
中国 南京 4 23 724 695 6
中国 青岛 2 7 284 275 2
美国 纽约 12 196 6098 5801 161
美国 洛杉矶 6 167 7883 7616 100
美国 旧金山 3 47 2735 2668 20
美国 芝加哥 5 73 3560 3410 77
美国 休斯顿 4 41 2004 1935 28
美国 迈阿密 2 267 11585 11189 129
美国 达拉斯 3 45 1635 1579 11
美国 波士顿 4 64 3781 3641 76
美国 圣迭戈 1 24 1208 1178 6
美国 亚特兰 2 57 2642 2529 56
英国 伦敦 7 68 2126 2024 34
英国 曼彻斯特 2 18 743 708 17
英国 利物浦 3 16 622 596 10
英国 爱丁堡 1 13 432 413 6
英国 伯明翰 4 22 967 921 24
英国 布里斯托尔 2 10 289 274 5
英国 卡迪夫 1 6 167 155 6
英国 格拉斯哥 3 14 519 495 10
英国 诺丁汉 1 8 302 288 6
英国 纽卡斯尔 2 15 517 485 17
中国 长沙 0 0 0 0 0
中国 北京 10 32 1009 951 26
中国 上海 8 29 932 871 32
中国 广州 3 26 1142 1105 11
中国 深圳 2 4 485 473 10
中国 成都 6 56 1557 1479 22
中国 西安 4 47 1254 1177 30
中国 杭州 3 18 821 791 12
中国 武汉 1 8 429 418 3
中国 南京 4 23 724 695 6
中国 青岛 2 7 284 275 2
美国 纽约 12 196 6098 5801 161
美国 洛杉矶 6 167 7883 7616 100
美国 旧金山 3 47 2735 2668 20
美国 芝加哥 5 73 3560 3410 77
美国 休斯顿 4 41 2004 1935 28
美国 迈阿密 2 267 11585 11189 129
美国 达拉斯 3 45 1635 1579 11
美国 波士顿 4 64 3781 3641 76
美国 圣迭戈 1 24 1208 1178 6
美国 亚特兰 2 57 2642 2529 56
英国 伦敦 7 68 2126 2024 34
英国 曼彻斯特 2 18 743 708 17
英国 利物浦 3 16 622 596 10
英国 爱丁堡 1 13 432 413 6
英国 伯明翰 4 22 967 921 24
英国 布里斯托尔 2 10 289 274 5
英国 卡迪夫 1 6 167 155 6
英国 格拉斯哥 3 14 519 495 10
英国 诺丁汉 1 8 302 288 6
英国 纽卡斯尔 2 15 517 485 17
中国 长沙 0 0 0 0 0
中国 北京 6 32 1009 951 26
中国 上海 23 29 932 871 32
中国 广州 3 26 1142 1105 11
中国 深圳 2 4 485 473 10
中国 成都 6 56 1557 1479 22
中国 西安 4 47 1254 1177 30
中国 杭州 3 18 821 791 12
中国 武汉 1 8 429 418 3
中国 南京 4 23 724 695 6
中国 青岛 2 7 284 275 2
美国 纽约 12 196 6098 5801 161
美国 洛杉矶 6 167 7883 7616 100
美国 旧金山 3 47 2735 2668 20
美国 芝加哥 5 73 3560 3410 77
美国 休斯顿 4 41 2004 1935 28
美国 迈阿密 2 267 11585 11189 129
美国 达拉斯 3 45 1635 1579 11
美国 波士顿 4 64 3781 3641 76
美国 圣迭戈 1 24 1208 1178 6
美国 亚特兰 2 57 2642 2529 56
英国 伦敦 7 68 2126 2024 34
英国 曼彻斯特 2 18 743 708 17
英国 利物浦 3 16 622 596 10
英国 爱丁堡 1 13 432 413 6
英国 伯明翰 4 22 967 921 24
英国 布里斯托尔 2 10 289 274 5
英国 卡迪夫 1 6 167 155 6
英国 格拉斯哥 3 14 519 495 10
英国 诺丁汉 1 8 302 288 6
英国 纽卡斯尔 2 15 517 485 17
中国 长沙 0 0 0 0 0
中国 北京 5 32 1009 951 26
中国 上海 6 29 932 871 32
中国 广州 3 26 1142 1105 11
中国 深圳 2 4 485 473 10
中国 成都 6 56 1557 1479 22
中国 西安 4 47 1254 1177 30
中国 杭州 3 18 821 791 12
中国 武汉 1 8 429 418 3
中国 南京 4 23 724 695 6
中国 青岛 2 7 284 275 2
美国 纽约 12 196 6098 5801 161
美国 洛杉矶 6 167 7883 7616 100
美国 旧金山 3 47 2735 2668 20
美国 芝加哥 5 73 3560 3410 77
美国 休斯顿 4 41 2004 1935 28
美国 迈阿密 2 267 11585 11189 129
美国 达拉斯 3 45 1635 1579 11
美国 波士顿 4 64 3781 3641 76
美国 圣迭戈 1 24 1208 1178 6
美国 亚特兰 2 57 2642 2529 56
英国 伦敦 7 68 2126 2024 34
英国 曼彻斯特 2 18 743 708 17
英国 利物浦 3 16 622 596 10
英国 爱丁堡 1 13 432 413 6
英国 伯明翰 4 22 967 921 24
英国 布里斯托尔 2 10 289 274 5
英国 卡迪夫 1 6 167 155 6
英国 格拉斯哥 3 14 519 495 10
英国 诺丁汉 1 8 302 288 6
英国 纽卡斯尔 2 15 517 485 17
中国 长沙 0 0 0 0 0
中国 北京 16 32 1009 951 26
中国 上海 43 29 932 871 32
中国 广州 3 26 1142 1105 11
中国 深圳 2 4 485 473 10
中国 成都 6 56 1557 1479 22
中国 西安 4 47 1254 1177 30
中国 杭州 3 18 821 791 12
中国 武汉 1 8 429 418 3
中国 南京 4 23 724 695 6
中国 青岛 2 7 284 275 2
美国 纽约 12 196 6098 5801 161
美国 洛杉矶 6 167 7883 7616 100
美国 旧金山 3 47 2735 2668 20
美国 芝加哥 5 73 3560 3410 77
美国 休斯顿 4 41 2004 1935 28
美国 迈阿密 2 267 11585 11189 129
美国 达拉斯 3 45 1635 1579 11
美国 波士顿 4 64 3781 3641 76
美国 圣迭戈 1 24 1208 1178 6
美国 亚特兰 2 57 2642 2529 56
英国 伦敦 7 68 2126 2024 34
英国 曼彻斯特 2 18 743 708 17
英国 利物浦 3 16 622 596 10
英国 爱丁堡 1 13 432 413 6
英国 伯明翰 4 22 967 921 24
英国 布里斯托尔 2 10 289 274 5
英国 卡迪夫 1 6 167 155 6
英国 格拉斯哥 3 14 519 495 10
英国 诺丁汉 1 8 302 288 6
英国 纽卡斯尔 2 15 517 485 17
中国 长沙 0 0 0 0 0
中国 北京 10 32 1009 951 26
中国 上海 37 29 932 871 32
中国 广州 3 26 1142 1105 11
中国 深圳 2 4 485 473 10
中国 成都 6 56 1557 1479 22
中国 西安 4 47 1254 1177 30
中国 杭州 3 18 821 791 12
中国 武汉 1 8 429 418 3
中国 南京 4 23 724 695 6
中国 青岛 2 7 284 275 2
美国 纽约 12 196 6098 5801 161
美国 洛杉矶 6 167 7883 7616 100
美国 旧金山 3 47 2735 2668 20
美国 芝加哥 5 73 3560 3410 77
美国 休斯顿 4 41 2004 1935 28
美国 迈阿密 2 267 11585 11189 129
美国 达拉斯 3 45 1635 1579 11
美国 波士顿 4 64 3781 3641 76
美国 圣迭戈 1 24 1208 1178 6
美国 亚特兰 2 57 2642 2529 56
英国 伦敦 7 68 2126 2024 34
英国 曼彻斯特 2 18 743 708 17
英国 利物浦 3 16 622 596 10
英国 爱丁堡 1 13 432 413 6
英国 伯明翰 4 22 967 921 24
英国 布里斯托尔 2 10 289 274 5
英国 卡迪夫 1 6 167 155 6
英国 格拉斯哥 3 14 519 495 10
英国 诺丁汉 1 8 302 288 6
英国 纽卡斯尔 2 15 517 485 17
中国 长沙 0 0 0 0 0
中国 北京 8 32 1009 951 26
中国 上海 5 29 932 871 32
中国 广州 3 26 1142 1105 11
中国 深圳 2 4 485 473 10
中国 成都 6 56 1557 1479 22
中国 西安 4 47 1254 1177 30
中国 杭州 3 18 821 791 12
中国 武汉 1 8 429 418 3
中国 南京 4 23 724 695 6
中国 青岛 2 7 284 275 2
美国 纽约 12 196 6098 5801 161
美国 洛杉矶 6 167 7883 7616 100
美国 旧金山 3 47 2735 2668 20
美国 芝加哥 5 73 3560 3410 77
美国 休斯顿 4 41 2004 1935 28
美国 迈阿密 2 267 11585 11189 129
美国 达拉斯 3 45 1635 1579 11
美国 波士顿 4 64 3781 3641 76
美国 圣迭戈 1 24 1208 1178 6
美国 亚特兰 2 57 2642 2529 56
英国 伦敦 7 68 2126 2024 34
英国 曼彻斯特 2 18 743 708 17
英国 利物浦 3 16 622 596 10
英国 爱丁堡 1 13 432 413 6
英国 伯明翰 4 22 967 921 24
英国 布里斯托尔 2 10 289 274 5
英国 卡迪夫 1 6 167 155 6
英国 格拉斯哥 3 14 519 495 10
英国 诺丁汉 1 8 302 288 6
英国 纽卡斯尔 2 15 517 485 17
中国 长沙 0 0 0 0 0
中国 北京 12 32 1009 951 26
中国 上海 9 29 932 871 32
中国 广州 3 26 1142 1105 11
中国 深圳 2 4 485 473 10
中国 成都 6 56 1557 1479 22
中国 西安 4 47 1254 1177 30
中国 杭州 3 18 821 791 12
中国 武汉 1 8 429 418 3
中国 南京 4 23 724 695 6
中国 青岛 2 7 284 275 2
美国 纽约 12 196 6098 5801 161
美国 洛杉矶 6 167 7883 7616 100
美国 旧金山 3 47 2735 2668 20
美国 芝加哥 5 73 3560 3410 77
美国 休斯顿 4 41 2004 1935 28
美国 迈阿密 2 267 11585 11189 129
美国 达拉斯 3 45 1635 1579 11
美国 波士顿 4 64 3781 3641 76
美国 圣迭戈 1 24 1208 1178 6
美国 亚特兰 2 57 2642 2529 56
英国 伦敦 7 68 2126 2024 34
英国 曼彻斯特 2 18 743 708 17
英国 利物浦 3 16 622 596 10
英国 爱丁堡 1 13 432 413 6
英国 伯明翰 4 22 967 921 24
英国 布里斯托尔 2 10 289 274 5
英国 卡迪夫 1 6 167 155 6
英国 格拉斯哥 3 14 519 495 10
英国 诺丁汉 1 8 302 288 6
英国 纽卡斯尔 2 15 517 485 17
中国 长沙 0 0 0 0 0
中国 北京 9 32 1009 951 26
中国 上海 14 29 932 871 32
中国 广州 3 26 1142 1105 11
中国 深圳 2 4 485 473 10
中国 成都 6 56 1557 1479 22
中国 西安 4 47 1254 1177 30
中国 杭州 3 18 821 791 12
中国 武汉 1 8 429 418 3
中国 南京 4 23 724 695 6
中国 青岛 2 7 284 275 2
美国 纽约 12 196 6098 5801 161
美国 洛杉矶 6 167 7883 7616 100
美国 旧金山 3 47 2735 2668 20
美国 芝加哥 5 73 3560 3410 77
美国 休斯顿 4 41 2004 1935 28
美国 迈阿密 2 267 11585 11189 129
美国 达拉斯 3 45 1635 1579 11
美国 波士顿 4 64 3781 3641 76
美国 圣迭戈 1 24 1208 1178 6
美国 亚特兰 2 57 2642 2529 56
英国 伦敦 7 68 2126 2024 34
英国 曼彻斯特 2 18 743 708 17
英国 利物浦 3 16 622 596 10
英国 爱丁堡 1 13 432 413 6
英国 伯明翰 4 22 967 921 24
英国 布里斯托尔 2 10 289 274 5
英国 卡迪夫 1 6 167 155 6
英国 格拉斯哥 3 14 519 495 10
英国 诺丁汉 1 8 302 288 6
英国 纽卡斯尔 2 15 517 485 17
中国 长沙 0 0 0 0 0
中国 北京 18 32 1009 951 26
中国 上海 25 29 932 871 32
中国 广州 3 26 1142 1105 11
中国 深圳 2 4 485 473 10
中国 成都 6 56 1557 1479 22
中国 西安 4 47 1254 1177 30
中国 杭州 3 18 821 791 12
中国 武汉 1 8 429 418 3
中国 南京 4 23 724 695 6
中国 青岛 2 7 284 275 2
美国 纽约 12 196 6098 5801 161
美国 洛杉矶 6 167 7883 7616 100
美国 旧金山 3 47 2735 2668 20
美国 芝加哥 5 73 3560 3410 77
美国 休斯顿 4 41 2004 1935 28
美国 迈阿密 2 267 11585 11189 129
美国 达拉斯 3 45 1635 1579 11
美国 波士顿 4 64 3781 3641 76
美国 圣迭戈 1 24 1208 1178 6
美国 亚特兰 2 57 2642 2529 56
英国 伦敦 7 68 2126 2024 34
英国 曼彻斯特 2 18 743 708 17
英国 利物浦 3 16 622 596 10
英国 爱丁堡 1 13 432 413 6
英国 伯明翰 4 22 967 921 24
英国 布里斯托尔 2 10 289 274 5
英国 卡迪夫 1 6 167 155 6
英国 格拉斯哥 3 14 519 495 10
英国 诺丁汉 1 8 302 288 6
英国 纽卡斯尔 2 15 517 485 17
中国 长沙 0 0 0 0 0
中国 北京 23 32 1009 951 26
中国 上海 51 29 932 871 32
中国 广州 3 26 1142 1105 11
中国 深圳 2 4 485 473 10
中国 成都 6 56 1557 1479 22
中国 西安 4 47 1254 1177 30
中国 杭州 3 18 821 791 12
中国 武汉 1 8 429 418 3
中国 南京 4 23 724 695 6
中国 青岛 2 7 284 275 2
美国 纽约 12 196 6098 5801 161
美国 洛杉矶 6 167 7883 7616 100
美国 旧金山 3 47 2735 2668 20
美国 芝加哥 5 73 3560 3410 77
美国 休斯顿 4 41 2004 1935 28
美国 迈阿密 2 267 11585 11189 129
美国 达拉斯 3 45 1635 1579 11
美国 波士顿 4 64 3781 3641 76
美国 圣迭戈 1 24 1208 1178 6
美国 亚特兰 2 57 2642 2529 56
英国 伦敦 7 68 2126 2024 34
英国 曼彻斯特 2 18 743 708 17
英国 利物浦 3 16 622 596 10
英国 爱丁堡 1 13 432 413 6
英国 伯明翰 4 22 967 921 24
英国 布里斯托尔 2 10 289 274 5
英国 卡迪夫 1 6 167 155 6
英国 格拉斯哥 3 14 519 495 10
英国 诺丁汉 1 8 302 288 6
英国 纽卡斯尔 2 15 517 485 17
中国 长沙 0 0 0 0 0
中国 北京 6 32 1009 951 26
中国 上海 15 29 932 871 32
中国 广州 3 26 1142 1105 11
中国 深圳 2 4 485 473 10
中国 成都 6 56 1557 1479 22
中国 西安 4 47 1254 1177 30
中国 杭州 3 18 821 791 12
中国 武汉 1 8 429 418 3
中国 南京 4 23 724 695 6
中国 青岛 2 7 284 275 2
美国 纽约 12 196 6098 5801 161
美国 洛杉矶 6 167 7883 7616 100
美国 旧金山 3 47 2735 2668 20
美国 芝加哥 5 73 3560 3410 77
美国 休斯顿 4 41 2004 1935 28
美国 迈阿密 2 267 11585 11189 129
美国 达拉斯 3 45 1635 1579 11
美国 波士顿 4 64 3781 3641 76
美国 圣迭戈 1 24 1208 1178 6
美国 亚特兰 2 57 2642 2529 56
英国 伦敦 7 68 2126 2024 34
英国 曼彻斯特 2 18 743 708 17
英国 利物浦 3 16 622 596 10
英国 爱丁堡 1 13 432 413 6
英国 伯明翰 4 22 967 921 24
英国 布里斯托尔 2 10 289 274 5
英国 卡迪夫 1 6 167 155 6
英国 格拉斯哥 3 14 519 495 10
英国 诺丁汉 1 8 302 288 6
英国 纽卡斯尔 2 15 517 485 17
中国 长沙 0 0 0 0 0
中国 北京 8 32 1009 951 26
中国 上海 5 29 932 871 32
中国 广州 3 26 1142 1105 11
中国 深圳 2 4 485 473 10
中国 成都 6 56 1557 1479 22
中国 西安 4 47 1254 1177 30
中国 杭州 3 18 821 791 12
中国 武汉 1 8 429 418 3
中国 南京 4 23 724 695 6
中国 青岛 2 7 284 275 2
美国 纽约 12 196 6098 5801 161
美国 洛杉矶 6 167 7883 7616 100
美国 旧金山 3 47 2735 2668 20
美国 芝加哥 5 73 3560 3410 77
美国 休斯顿 4 41 2004 1935 28
美国 迈阿密 2 267 11585 11189 129
美国 达拉斯 3 45 1635 1579 11
美国 波士顿 4 64 3781 3641 76
美国 圣迭戈 1 24 1208 1178 6
美国 亚特兰 2 57 2642 2529 56
英国 伦敦 7 68 2126 2024 34
英国 曼彻斯特 2 18 743 708 17
英国 利物浦 3 16 622 596 10
英国 爱丁堡 1 13 432 413 6
英国 伯明翰 4 22 967 921 24
英国 布里斯托尔 2 10 289 274 5
英国 卡迪夫 1 6 167 155 6
英国 格拉斯哥 3 14 519 495 10
英国 诺丁汉 1 8 302 288 6
英国 纽卡斯尔 2 15 517 485 17
中国 长沙 0 0 0 0 0
中国 北京 8 32 1009 951 26
中国 上海 5 29 932 871 32
中国 广州 3 26 1142 1105 11
中国 深圳 2 4 485 473 10
中国 成都 6 56 1557 1479 22
中国 西安 4 47 1254 1177 30
中国 杭州 3 18 821 791 12
中国 武汉 1 8 429 418 3
中国 南京 4 23 724 695 6
中国 青岛 2 7 284 275 2
美国 纽约 12 196 6098 5801 161
美国 洛杉矶 6 167 7883 7616 100
美国 旧金山 3 47 2735 2668 20
美国 芝加哥 5 73 3560 3410 77
美国 休斯顿 4 41 2004 1935 28
美国 迈阿密 2 267 11585 11189 129
美国 达拉斯 3 45 1635 1579 11
美国 波士顿 4 64 3781 3641 76
美国 圣迭戈 1 24 1208 1178 6
美国 亚特兰 2 57 2642 2529 56
英国 伦敦 7 68 2126 2024 34
英国 曼彻斯特 2 18 743 708 17
英国 利物浦 3 16 622 596 10
英国 爱丁堡 1 13 432 413 6
英国 伯明翰 4 22 967 921 24
英国 布里斯托尔 2 10 289 274 5
英国 卡迪夫 1 6 167 155 6
英国 格拉斯哥 3 14 519 495 10
英国 诺丁汉 1 8 302 288 6
英国 纽卡斯尔 2 15 517 485 17
中国 长沙 0 0 0 0 0
中国 北京 8 32 1009 951 26
中国 上海 5 29 932 871 32
中国 广州 3 26 1142 1105 11
中国 深圳 2 4 485 473 10
中国 成都 6 56 1557 1479 22
中国 西安 4 47 1254 1177 30
中国 杭州 3 18 821 791 12
中国 武汉 1 8 429 418 3
中国 南京 4 23 724 695 6
中国 青岛 2 7 284 275 2
美国 纽约 12 196 6098 5801 161
美国 洛杉矶 6 167 7883 7616 100
美国 旧金山 3 47 2735 2668 20
美国 芝加哥 5 73 3560 3410 77
美国 休斯顿 4 41 2004 1935 28
美国 迈阿密 2 267 11585 11189 129
美国 达拉斯 3 45 1635 1579 11
美国 波士顿 4 64 3781 3641 76
美国 圣迭戈 1 24 1208 1178 6
美国 亚特兰 2 57 2642 2529 56
英国 伦敦 7 68 2126 2024 34
英国 曼彻斯特 2 18 743 708 17
英国 利物浦 3 16 622 596 10
英国 爱丁堡 1 13 432 413 6
英国 伯明翰 4 22 967 921 24
英国 布里斯托尔 2 10 289 274 5
英国 卡迪夫 1 6 167 155 6
英国 格拉斯哥 3 14 519 495 10
英国 诺丁汉 1 8 302 288 6
英国 纽卡斯尔 2 15 517 485 17
中国 长沙 0 0 0 0 0
中国 北京 8 32 1009 951 26
中国 上海 5 29 932 871 32
中国 广州 3 26 1142 1105 11
中国 深圳 2 4 485 473 10
中国 成都 6 56 1557 1479 22
中国 西安 4 47 1254 1177 30
中国 杭州 3 18 821 791 12
中国 武汉 1 8 429 418 3
中国 南京 4 23 724 695 6
中国 青岛 2 7 284 275 2
美国 纽约 12 196 6098 5801 161
美国 洛杉矶 6 167 7883 7616 100
美国 旧金山 3 47 2735 2668 20
美国 芝加哥 5 73 3560 3410 77
美国 休斯顿 4 41 2004 1935 28
美国 迈阿密 2 267 11585 11189 129
美国 达拉斯 3 45 1635 1579 11
美国 波士顿 4 64 3781 3641 76
美国 圣迭戈 1 24 1208 1178 6
美国 亚特兰 2 57 2642 2529 56
英国 伦敦 7 68 2126 2024 34
英国 曼彻斯特 2 18 743 708 17
英国 利物浦 3 16 622 596 10
英国 爱丁堡 1 13 432 413 6
英国 伯明翰 4 22 967 921 24
英国 布里斯托尔 2 10 289 274 5
英国 卡迪夫 1 6 167 155 6
英国 格拉斯哥 3 14 519 495 10
英国 诺丁汉 1 8 302 288 6
英国 纽卡斯尔 2 15 517 485 17
中国 长沙 0 0 0 0 0
中国 北京 8 32 1009 951 26
中国 上海 5 29 932 871 32
中国 广州 3 26 1142 1105 11
中国 深圳 2 4 485 473 10
中国 成都 6 56 1557 1479 22
中国 西安 4 47 1254 1177 30
中国 杭州 3 18 821 791 12
中国 武汉 1 8 429 418 3
中国 南京 4 23 724 695 6
中国 青岛 2 7 284 275 2
美国 纽约 12 196 6098 5801 161
美国 洛杉矶 6 167 7883 7616 100
美国 旧金山 3 47 2735 2668 20
美国 芝加哥 5 73 3560 3410 77
美国 休斯顿 4 41 2004 1935 28
美国 迈阿密 2 267 11585 11189 129
美国 达拉斯 3 45 1635 1579 11
美国 波士顿 4 64 3781 3641 76
美国 圣迭戈 1 24 1208 1178 6
美国 亚特兰 2 57 2642 2529 56
英国 伦敦 7 68 2126 2024 34
英国 曼彻斯特 2 18 743 708 17
英国 利物浦 3 16 622 596 10
英国 爱丁堡 1 13 432 413 6
英国 伯明翰 4 22 967 921 24
英国 布里斯托尔 2 10 289 274 5
英国 卡迪夫 1 6 167 155 6
英国 格拉斯哥 3 14 519 495 10
英国 诺丁汉 1 8 302 288 6
英国 纽卡斯尔 2 15 517 485 17
中国 长沙 0 0 0 0 0
中国 北京 8 32 1009 951 26
中国 上海 5 29 932 871 32
中国 广州 3 26 1142 1105 11
中国 深圳 2 4 485 473 10
中国 成都 6 56 1557 1479 22
中国 西安 4 47 1254 1177 30
中国 杭州 3 18 821 791 12
中国 武汉 1 8 429 418 3
中国 南京 4 23 724 695 6
中国 青岛 2 7 284 275 2
美国 纽约 12 196 6098 5801 161
美国 洛杉矶 6 167 7883 7616 100
美国 旧金山 3 47 2735 2668 20
美国 芝加哥 5 73 3560 3410 77
美国 休斯顿 4 41 2004 1935 28
美国 迈阿密 2 267 11585 11189 129
美国 达拉斯 3 45 1635 1579 11
美国 波士顿 4 64 3781 3641 76
美国 圣迭戈 1 24 1208 1178 6
美国 亚特兰 2 57 2642 2529 56
英国 伦敦 7 68 2126 2024 34
英国 曼彻斯特 2 18 743 708 17
英国 利物浦 3 16 622 596 10
英国 爱丁堡 1 13 432 413 6
英国 伯明翰 4 22 967 921 24
英国 布里斯托尔 2 10 289 274 5
英国 卡迪夫 1 6 167 155 6
英国 格拉斯哥 3 14 519 495 10
英国 诺丁汉 1 8 302 288 6
英国 纽卡斯尔 2 15 517 485 17
中国 长沙 0 0 0 0 0
中国 北京 8 32 1009 951 26
中国 上海 5 29 932 871 32
中国 广州 3 26 1142 1105 11
中国 深圳 2 4 485 473 10
中国 成都 6 56 1557 1479 22
中国 西安 4 47 1254 1177 30
中国 杭州 3 18 821 791 12
中国 武汉 1 8 429 418 3
中国 南京 4 23 724 695 6
中国 青岛 2 7 284 275 2
美国 纽约 12 196 6098 5801 161
美国 洛杉矶 6 167 7883 7616 100
美国 旧金山 3 47 2735 2668 20
美国 芝加哥 5 73 3560 3410 77
美国 休斯顿 4 41 2004 1935 28
美国 迈阿密 2 267 11585 11189 129
美国 达拉斯 3 45 1635 1579 11
美国 波士顿 4 64 3781 3641 76
美国 圣迭戈 1 24 1208 1178 6
美国 亚特兰 2 57 2642 2529 56
英国 伦敦 7 68 2126 2024 34
英国 曼彻斯特 2 18 743 708 17
英国 利物浦 3 16 622 596 10
英国 爱丁堡 1 13 432 413 6
英国 伯明翰 4 22 967 921 24
英国 布里斯托尔 2 10 289 274 5
英国 卡迪夫 1 6 167 155 6
英国 格拉斯哥 3 14 519 495 10
英国 诺丁汉 1 8 302 288 6
英国 纽卡斯尔 2 15 517 485 17
中国 长沙 0 0 0 0 0
中国 北京 8 32 1009 951 26
中国 上海 5 29 932 871 32
中国 广州 3 26 1142 1105 11
中国 深圳 2 4 485 473 10
中国 成都 6 56 1557 1479 22
中国 西安 4 47 1254 1177 30
中国 杭州 3 18 821 791 12
中国 武汉 1 8 429 418 3
中国 南京 4 23 724 695 6
中国 青岛 2 7 284 275 2
美国 纽约 12 196 6098 5801 161
美国 洛杉矶 6 167 7883 7616 100
美国 旧金山 3 47 2735 2668 20
美国 芝加哥 5 73 3560 3410 77
美国 休斯顿 4 41 2004 1935 28
美国 迈阿密 2 267 11585 11189 129
美国 达拉斯 3 45 1635 1579 11
美国 波士顿 4 64 3781 3641 76
美国 圣迭戈 1 24 1208 1178 6
美国 亚特兰 2 57 2642 2529 56
英国 伦敦 7 68 2126 2024 34
英国 曼彻斯特 2 18 743 708 17
英国 利物浦 3 16 622 596 10
英国 爱丁堡 1 13 432 413 6
英国 伯明翰 4 22 967 921 24
英国 布里斯托尔 2 10 289 274 5
英国 卡迪夫 1 6 167 155 6
英国 格拉斯哥 3 14 519 495 10
英国 诺丁汉 1 8 302 288 6
英国 纽卡斯尔 2 15 517 485 17
中国 长沙 0 0 0 0 0
中国 北京 8 32 1009 951 26
中国 上海 5 29 932 871 32
中国 广州 3 26 1142 1105 11
中国 深圳 2 4 485 473 10
中国 成都 6 56 1557 1479 22
中国 西安 4 47 1254 1177 30
中国 杭州 3 18 821 791 12
中国 武汉 1 8 429 418 3
中国 南京 4 23 724 695 6
中国 青岛 2 7 284 275 2
美国 纽约 12 196 6098 5801 161
美国 洛杉矶 6 167 7883 7616 100
美国 旧金山 3 47 2735 2668 20
美国 芝加哥 5 73 3560 3410 77
美国 休斯顿 4 41 2004 1935 28
美国 迈阿密 2 267 11585 11189 129
美国 达拉斯 3 45 1635 1579 11
美国 波士顿 4 64 3781 3641 76
美国 圣迭戈 1 24 1208 1178 6
美国 亚特兰 2 57 2642 2529 56
英国 伦敦 7 68 2126 2024 34
英国 曼彻斯特 2 18 743 708 17
英国 利物浦 3 16 622 596 10
英国 爱丁堡 1 13 432 413 6
英国 伯明翰 4 22 967 921 24
英国 布里斯托尔 2 10 289 274 5
英国 卡迪夫 1 6 167 155 6
英国 格拉斯哥 3 14 519 495 10
英国 诺丁汉 1 8 302 288 6
英国 纽卡斯尔 2 15 517 485 17
中国 长沙 0 0 0 0 0
中国 北京 8 32 1009 951 26
中国 上海 5 29 932 871 32
中国 广州 3 26 1142 1105 11
中国 深圳 2 4 485 473 10
中国 成都 6 56 1557 1479 22
中国 西安 4 47 1254 1177 30
中国 杭州 3 18 821 791 12
中国 武汉 1 8 429 418 3
中国 南京 4 23 724 695 6
中国 青岛 2 7 284 275 2
美国 纽约 12 196 6098 5801 161
美国 洛杉矶 6 167 7883 7616 100
美国 旧金山 3 47 2735 2668 20
美国 芝加哥 5 73 3560 3410 77
美国 休斯顿 4 41 2004 1935 28
美国 迈阿密 2 267 11585 11189 129
美国 达拉斯 3 45 1635 1579 11
美国 波士顿 4 64 3781 3641 76
美国 圣迭戈 1 24 1208 1178 6
美国 亚特兰 2 57 2642 2529 56
英国 伦敦 7 68 2126 2024 34
英国 曼彻斯特 2 18 743 708 17
英国 利物浦 3 16 622 596 10
英国 爱丁堡 1 13 432 413 6
英国 伯明翰 4 22 967 921 24
英国 布里斯托尔 2 10 289 274 5
英国 卡迪夫 1 6 167 155 6
英国 格拉斯哥 3 14 519 495 10
英国 诺丁汉 1 8 302 288 6
英国 纽卡斯尔 2 15 517 485 17
中国 长沙 0 0 0 0 0
中国 北京 8 32 1009 951 26
中国 上海 5 29 932 871 32
中国 广州 3 26 1142 1105 11
中国 深圳 2 4 485 473 10
中国 成都 6 56 1557 1479 22
中国 西安 4 47 1254 1177 30
中国 杭州 3 18 821 791 12
中国 武汉 1 8 429 418 3
中国 南京 4 23 724 695 6
中国 青岛 2 7 284 275 2
美国 纽约 12 196 6098 5801 161
美国 洛杉矶 6 167 7883 7616 100
美国 旧金山 3 47 2735 2668 20
美国 芝加哥 5 73 3560 3410 77
美国 休斯顿 4 41 2004 1935 28
美国 迈阿密 2 267 11585 11189 129
美国 达拉斯 3 45 1635 1579 11
美国 波士顿 4 64 3781 3641 76
美国 圣迭戈 1 24 1208 1178 6
美国 亚特兰 2 57 2642 2529 56
英国 伦敦 7 68 2126 2024 34
英国 曼彻斯特 2 18 743 708 17
英国 利物浦 3 16 622 596 10
英国 爱丁堡 1 13 432 413 6
英国 伯明翰 4 22 967 921 24
英国 布里斯托尔 2 10 289 274 5
英国 卡迪夫 1 6 167 155 6
英国 格拉斯哥 3 14 519 495 10
英国 诺丁汉 1 8 302 288 6
英国 纽卡斯尔 2 15 517 485 17
中国 长沙 0 0 0 0 0
中国 北京 8 32 1009 951 26
中国 上海 5 29 932 871 32
中国 广州 3 26 1142 1105 11
中国 深圳 2 4 485 473 10
中国 成都 6 56 1557 1479 22
中国 西安 4 47 1254 1177 30
中国 杭州 3 18 821 791 12
中国 武汉 1 8 429 418 3
中国 南京 4 23 724 695 6
中国 青岛 2 7 284 275 2
美国 纽约 12 196 6098 5801 161
美国 洛杉矶 6 167 7883 7616 100
美国 旧金山 3 47 2735 2668 20
美国 芝加哥 5 73 3560 3410 77
美国 休斯顿 4 41 2004 1935 28
美国 迈阿密 2 267 11585 11189 129
美国 达拉斯 3 45 1635 1579 11
美国 波士顿 4 64 3781 3641 76
美国 圣迭戈 1 24 1208 1178 6
美国 亚特兰 2 57 2642 2529 56
英国 伦敦 7 68 2126 2024 34
英国 曼彻斯特 2 18 743 708 17
英国 利物浦 3 16 622 596 10
英国 爱丁堡 1 13 432 413 6
英国 伯明翰 4 22 967 921 24
英国 布里斯托尔 2 10 289 274 5
英国 卡迪夫 1 6 167 155 6
英国 格拉斯哥 3 14 519 495 10
英国 诺丁汉 1 8 302 288 6
英国 纽卡斯尔 2 15 517 485 17
中国 长沙 0 0 0 0 0
中国 北京 8 32 1009 951 26
中国 上海 5 29 932 871 32
中国 广州 3 26 1142 1105 11
中国 深圳 2 4 485 473 10
中国 成都 6 56 1557 1479 22
中国 西安 4 47 1254 1177 30
中国 杭州 3 18 821 791 12
中国 武汉 1 8 429 418 3
中国 南京 4 23 724 695 6
中国 青岛 2 7 284 275 2
美国 纽约 12 196 6098 5801 161
美国 洛杉矶 6 167 7883 7616 100
美国 旧金山 3 47 2735 2668 20
美国 芝加哥 5 73 3560 3410 77
美国 休斯顿 4 41 2004 1935 28
美国 迈阿密 2 267 11585 11189 129
美国 达拉斯 3 45 1635 1579 11
美国 波士顿 4 64 3781 3641 76
美国 圣迭戈 1 24 1208 1178 6
美国 亚特兰 2 57 2642 2529 56
英国 伦敦 7 68 2126 2024 34
英国 曼彻斯特 2 18 743 708 17
英国 利物浦 3 16 622 596 10
英国 爱丁堡 1 13 432 413 6
英国 伯明翰 4 22 967 921 24
英国 布里斯托尔 2 10 289 274 5
英国 卡迪夫 1 6 167 155 6
英国 格拉斯哥 3 14 519 495 10
英国 诺丁汉 1 8 302 288 6
英国 纽卡斯尔 2 15 517 485 17
中国 长沙 0 0 0 0 0
中国 北京 8 32 1009 951 26
中国 上海 5 29 932 871 32
中国 广州 3 26 1142 1105 11
中国 深圳 2 4 485 473 10
中国 成都 6 56 1557 1479 22
中国 西安 4 47 1254 1177 30
中国 杭州 3 18 821 791 12
中国 武汉 1 8 429 418 3
中国 南京 4 23 724 695 6
中国 青岛 2 7 284 275 2
美国 纽约 12 196 6098 5801 161
美国 洛杉矶 6 167 7883 7616 100
美国 旧金山 3 47 2735 2668 20
美国 芝加哥 5 73 3560 3410 77
美国 休斯顿 4 41 2004 1935 28
美国 迈阿密 2 267 11585 11189 129
美国 达拉斯 3 45 1635 1579 11
美国 波士顿 4 64 3781 3641 76
美国 圣迭戈 1 24 1208 1178 6
美国 亚特兰 2 57 2642 2529 56
英国 伦敦 7 68 2126 2024 34
英国 曼彻斯特 2 18 743 708 17
英国 利物浦 3 16 622 596 10
英国 爱丁堡 1 13 432 413 6
英国 伯明翰 4 22 967 921 24
英国 布里斯托尔 2 10 289 274 5
英国 卡迪夫 1 6 167 155 6
英国 格拉斯哥 3 14 519 495 10
英国 诺丁汉 1 8 302 288 6
英国 纽卡斯尔 2 15 517 485 17
中国 长沙 0 0 0 0 0
中国 北京 8 32 1009 951 26
中国 上海 5 29 932 871 32
中国 广州 3 26 1142 1105 11
中国 深圳 2 4 485 473 10
中国 成都 6 56 1557 1479 22
中国 西安 4 47 1254 1177 30
中国 杭州 3 18 821 791 12
中国 武汉 1 8 429 418 3
中国 南京 4 23 724 695 6
中国 青岛 2 7 284 275 2
美国 纽约 12 196 6098 5801 161
美国 洛杉矶 6 167 7883 7616 100
美国 旧金山 3 47 2735 2668 20
美国 芝加哥 5 73 3560 3410 77
美国 休斯顿 4 41 2004 1935 28
美国 迈阿密 2 267 11585 11189 129
美国 达拉斯 3 45 1635 1579 11
美国 波士顿 4 64 3781 3641 76
美国 圣迭戈 1 24 1208 1178 6
美国 亚特兰 2 57 2642 2529 56
英国 伦敦 7 68 2126 2024 34
英国 曼彻斯特 2 18 743 708 17
英国 利物浦 3 16 622 596 10
英国 爱丁堡 1 13 432 413 6
英国 伯明翰 4 22 967 921 24
英国 布里斯托尔 2 10 289 274 5
英国 卡迪夫 1 6 167 155 6
英国 格拉斯哥 3 14 519 495 10
英国 诺丁汉 1 8 302 288 6
英国 纽卡斯尔 2 15 517 485 17
中国 长沙 0 0 0 0 0
