各个城市前十五天新增：
中国：
北京	0	2	0	1	1	3	2	3	4	8	4	11	6	7	8
上海	1	1	0	2	2	2	1	5	4	3	4	3	2	2	5
广州	0	0	0	0	0	1	0	1	0	0	0	0	0	0	3
深圳	0	0	0	0	0	0	0	1	0	0	0	0	0	0	2
成都	3	1	0	1	3	10	9	9	10	7	2	4	2	5	6
西安	0	2	2	1	3	5	5	4	5	8	7	8	7	11	4
杭州	0	2	1	2	2	1	0	3	0	1	7	3	0	1	3
武汉	1	1	3	10	2	1	0	0	0	0	0	0	0	0	1
南京	2	1	0	0	0	0	0	0	1	1	1	1	1	2	4
青岛	0	0	0	0	0	0	0	0	0	0	0	1	0	1	2
美国：
纽约     0	7	8	17	13	14	19	25	31	24	37	34	36	25	12
洛杉矶   0	1	1	0	4	5	10	15	17	11	16	6	10	10	6
旧金山   0	2	0	4	2	4	4	5	3	2	2	4	1	1	3
芝加哥   0	1	0	7	3	3	3	11	13	9	5	2	2	4   5
休斯顿   0	1	0	0	2	2	3	5	4	1	1	0	1	0	4
迈阿密   0	1	1	0	1	1	4	1	1	5	6	7	3	0	2
达拉斯   0	1	0	0	0	7	3	1	2	1	4	4	0	0	3
波士顿   0	1	1	2	12	7	4	8	8	5	3	2	3	1	4
圣迭戈   0	1	2	0	2	0	1	2	2	1	1	1	3	0	1
亚特兰大 0	0	0	0	2	2	2	4	5	3	6	1	0	1	2
英国
伦敦	      2	0	1	3	6	4	6	3	7	11	10	4	4	6	7
曼彻斯特	1	3	1	1	1	2	1	0	0	2	1	1	2	2	2
利物浦	      0	1	2	4	1	0	2	1	2	1	3	1	0	2	3
爱丁堡	      1	3	0	3	2	0	0	1	0	1	0	1	0	0	1
伯明翰  	2	4	2	6	7	5	3	3	2	1	1	1	0	0	4
布里斯托尔   0	1	0	1	2	1	0	0	0	1	1	1	0	1	2
卡迪夫 	0	0	0	0	0	0	0	1	0	0	0	0	0	0	1
格拉斯哥	2	0	1	1	0	1	4	3	1	2	0	1	2	3	3
诺丁汉 	0	0	1	0	1	0	1	1	0	0	1	1	2	1	1
纽卡斯尔 	0	1	2	0	0	0	1	0	2	0	1	3	4	2	2

